5.889	4.42
4.059	3.857
3.762	3.711
3.652	3.656
3.568	3.654
3.504	3.63
3.439	3.55
3.39	3.543
3.362	3.49
3.344	3.48
3.324	3.452
3.306	3.443
3.287	3.424
3.273	3.414
3.251	3.384
3.22	3.381
3.181	3.307
3.143	3.294
3.109	3.223
3.082	3.18
3.055	3.149
3.035	3.129
3.007	3.21
2.988	3.077
2.968	3.055
2.954	3.088
2.938	3.045
2.926	3.016
2.91	2.996
2.901	2.989
2.885	2.995
2.875	2.983
2.864	3.062
2.852	2.941
2.844	2.956
2.832	2.938
2.823	2.912
2.811	2.898
2.802	2.91
2.794	2.879
2.784	2.894
2.776	2.913
2.766	2.846
2.757	2.843
2.749	2.91
2.739	2.818
2.735	2.83
2.724	2.803
2.715	2.794
2.708	2.793
2.697	2.794
2.691	2.806
2.681	2.775
2.673	2.752
2.666	2.762
2.659	2.762
2.651	2.736
2.645	2.745
2.633	2.734
2.631	2.752
2.622	2.717
2.613	2.724
2.609	2.765
2.601	2.696
2.596	2.679
2.59	2.685
2.584	2.695
2.579	2.682
2.57	2.648
2.564	2.675
2.556	2.643
2.551	2.687
2.546	2.627
2.54	2.631
2.534	2.613
2.527	2.657
2.521	2.695
2.515	2.591
2.511	2.648
2.503	2.601
2.497	2.573
2.491	2.587
2.487	2.574
2.481	2.57
2.476	2.552
2.471	2.554
2.466	2.537
2.461	2.539
2.455	2.532
2.449	2.545
2.446	2.516
2.44	2.562
2.436	2.522
2.429	2.515
2.425	2.535
2.421	2.52
2.411	2.494
2.411	2.501
2.405	2.499
2.398	2.475
2.395	2.477
2.386	2.458
2.384	2.472
2.381	2.472
2.378	2.448
2.374	2.459
2.367	2.444
2.362	2.457
2.355	2.432
2.354	2.432
2.35	2.423
2.345	2.428
2.341	2.409
2.337	2.407
2.333	2.411
2.326	2.42
2.32	2.396
2.317	2.423
2.314	2.39
2.308	2.371
2.305	2.393
2.301	2.376
2.297	2.396
2.292	2.381
2.288	2.386
2.285	2.447
2.28	2.343
2.27	2.337
2.271	2.352
2.266	2.333
2.261	2.334
2.261	2.332
2.256	2.325
2.251	2.312
2.244	2.314
2.243	2.316
2.237	2.333
2.229	2.352
2.227	2.305
2.224	2.294
2.221	2.331
2.217	2.32
2.212	2.294
2.211	2.331
2.203	2.292
2.199	2.257
2.194	2.257
2.193	2.253
2.19	2.269
2.184	2.259
2.18	2.245
2.177	2.253
2.172	2.243
2.169	2.251
2.165	2.25
2.16	2.229
2.158	2.247
2.154	2.249
2.151	2.218
2.145	2.202
2.14	2.193
2.139	2.235
2.134	2.244
2.129	2.213
2.127	2.195
2.121	2.199
2.12	2.19
2.111	2.206
2.112	2.172
2.107	2.323
2.105	2.168
2.1	2.19
2.1	2.195
2.094	2.158
2.088	2.144
2.084	2.142
2.082	2.153
2.08	2.147
2.076	2.138
2.071	2.167
2.068	2.132
2.064	2.167
2.061	2.177
2.058	2.116
2.056	2.124
2.052	2.12
2.048	2.109
2.042	2.101
2.042	2.103
2.04	2.131
2.033	2.096
2.029	2.091
2.026	2.094
2.024	2.097
2.02	2.078
2.018	2.092
2.014	2.071
2.008	2.063
2.009	2.086
2.004	2.057
2.001	2.089
1.999	2.076
1.993	2.083
1.993	2.07
1.988	2.048
1.988	2.045
1.982	2.04
1.978	2.055
1.975	2.031
1.972	2.031
1.971	2.025
1.966	2.03
1.963	2.026
1.962	2.09
1.959	2.041
1.956	2.036
1.951	2.021
1.949	2.039
1.945	2.018
1.942	2.016
1.94	1.989
1.936	2.004
1.931	1.998
1.931	1.989
1.927	2.031
1.926	1.973
1.922	2.012
1.917	1.986
1.914	1.979
1.909	1.963
1.91	1.964
1.906	1.972
1.906	1.969
1.899	1.986
1.896	1.971
1.895	1.991
1.894	1.953
1.886	1.971
1.886	1.962
1.882	1.945
1.881	1.928
1.876	1.95
1.875	1.927
1.872	1.945
1.866	1.954
1.868	1.922
1.86	1.925
1.86	1.919
1.857	1.916
1.851	1.911
1.849	1.915
1.85	1.908
1.845	1.954
1.844	1.931
1.84	1.888
1.836	1.916
1.832	1.895
1.83	1.938
1.83	1.898
1.826	1.881
1.823	1.873
1.82	1.892
1.816	1.872
1.816	1.873
1.814	1.937
1.808	1.86
1.805	1.908
1.804	1.886
1.803	1.858
1.797	1.845
1.796	1.871
1.796	1.846
1.79	1.846
1.786	1.841
1.786	1.831
1.783	1.84
1.78	1.844
1.776	1.855
1.773	1.828
1.771	1.868
1.766	1.815
1.765	1.835
1.763	1.942
1.762	1.807
1.754	1.844
1.754	1.806
1.752	1.807
1.751	1.82
1.749	1.802
1.744	1.808
1.744	1.791
1.738	1.792
1.734	1.791
1.733	1.829
1.73	1.801
1.729	1.796
1.727	1.876
1.723	1.774
1.719	1.781
1.719	1.768
1.716	1.771
1.712	1.794
1.709	1.772
1.708	1.851
1.707	1.764
1.704	1.775
1.698	1.748
1.696	1.756
1.695	1.764
1.691	1.747
1.686	1.762
1.689	1.741
1.683	1.748
1.681	1.797
1.678	1.739
1.674	1.813
1.671	1.734
1.672	1.74
1.666	1.72
1.666	1.759
1.662	1.71
1.661	1.713
1.661	1.72
1.655	1.733
1.656	1.743
1.649	1.712
1.648	1.702
1.647	1.726
1.642	1.701
1.639	1.689
1.637	1.719
1.635	1.696
1.633	1.7
1.63	1.746
1.628	1.698
1.623	1.682
1.623	1.671
1.622	1.68
1.618	1.683
1.616	1.67
1.614	1.669
1.61	1.685
1.607	1.664
1.606	1.666
1.605	1.653
1.601	1.66
1.599	1.656
1.595	1.665
1.592	1.654
1.592	1.642
1.587	1.681
1.589	1.647
1.584	1.664
1.583	1.662
1.579	1.632
1.574	1.668
1.575	1.663
1.573	1.639
1.567	1.668
1.568	1.623
1.564	1.695
1.559	1.639
1.557	1.606
1.556	1.631
1.556	1.632
1.553	1.6
1.553	1.611
1.548	1.597
1.546	1.6
1.541	1.613
1.538	1.631
1.536	1.59
1.535	1.582
1.53	1.583
1.531	1.585
1.53	1.615
1.526	1.583
1.524	1.585
1.524	1.592
1.521	1.586
1.516	1.577
1.515	1.582
1.512	1.589
1.51	1.591
1.509	1.583
1.507	1.548
1.501	1.573
1.503	1.564
1.5	1.538
1.498	1.563
1.495	1.545
1.492	1.563
1.488	1.546
1.483	1.544
1.485	1.538
1.485	1.54
1.482	1.555
1.478	1.524
1.476	1.533
1.475	1.527
1.471	1.525
1.47	1.517
1.469	1.518
1.464	1.52
1.462	1.53
1.46	1.516
1.459	1.518
1.456	1.505
1.451	1.496
1.451	1.51
1.45	1.533
1.447	1.503
1.446	1.502
1.441	1.499
1.437	1.486
1.437	1.499
1.436	1.491
1.432	1.517
1.43	1.495
1.429	1.484
1.428	1.503
1.426	1.547
1.422	1.473
1.42	1.464
1.419	1.483
1.414	1.479
1.415	1.484
1.412	1.493
1.408	1.461
1.407	1.464
1.406	1.455
1.401	1.459
1.401	1.462
1.4	1.485
1.394	1.468
1.395	1.451
1.393	1.445
1.387	1.474
1.389	1.436
1.384	1.468
1.381	1.447
1.383	1.427
1.378	1.434
1.377	1.443
1.375	1.419
1.372	1.428
1.372	1.43
1.369	1.42
1.365	1.424
1.366	1.414
1.361	1.411
1.36	1.41
1.356	1.409
1.353	1.405
1.354	1.402
1.35	1.409
1.345	1.398
1.346	1.396
1.344	1.404
1.343	1.39
1.342	1.413
1.34	1.392
1.334	1.415
1.333	1.382
1.332	1.396
1.331	1.386
1.328	1.382
1.327	1.379
1.325	1.378
1.323	1.382
1.321	1.39
1.32	1.391
1.314	1.369
1.312	1.362
1.313	1.38
1.311	1.365
1.311	1.359
1.305	1.362
1.304	1.357
1.302	1.366
1.301	1.408
1.297	1.359
1.296	1.345
1.294	1.37
1.292	1.343
1.287	1.343
1.288	1.339
1.286	1.351
1.28	1.333
1.282	1.334
1.276	1.344
1.278	1.324
1.275	1.339
1.273	1.344
1.273	1.337
1.271	1.306
1.268	1.327
1.266	1.348
1.265	1.317
1.264	1.32
1.263	1.304
1.26	1.331
1.256	1.34
1.255	1.339
1.252	1.299
1.25	1.306
1.251	1.323
1.247	1.294
1.244	1.296
1.242	1.311
1.24	1.293
1.239	1.3
1.234	1.286
1.233	1.294
1.233	1.284
1.23	1.283
1.227	1.27
1.227	1.29
1.226	1.267
1.223	1.28
1.223	1.272
1.22	1.289
1.22	1.285
1.215	1.3
1.214	1.259
1.21	1.258
1.211	1.258
1.21	1.261
1.206	1.276
1.205	1.268
1.203	1.256
1.202	1.273
1.203	1.25
1.198	1.257
1.198	1.288
1.192	1.282
1.188	1.245
1.187	1.239
1.188	1.248
1.187	1.223
1.184	1.247
1.181	1.226
1.18	1.244
1.18	1.238
1.178	1.257
1.174	1.235
1.174	1.219
1.172	1.227
1.17	1.219
1.168	1.218
1.164	1.232
1.166	1.219
1.162	1.199
1.158	1.212
1.158	1.224
1.157	1.218
1.156	1.218
1.152	1.218
1.151	1.218
1.149	1.2
1.148	1.202
1.143	1.184
1.145	1.19
1.141	1.205
1.139	1.193
1.14	1.179
1.138	1.188
1.136	1.188
1.134	1.182
1.131	1.177
1.128	1.218
1.131	1.192
1.128	1.183
1.125	1.191
1.123	1.184
1.12	1.167
1.122	1.169
1.117	1.167
1.117	1.173
1.116	1.18
1.114	1.173
1.112	1.165
1.109	1.155
1.107	1.163
1.106	1.215
1.105	1.15
1.105	1.161
1.103	1.14
1.1	1.153
1.098	1.147
1.095	1.14
1.095	1.142
1.092	1.127
1.088	1.133
1.089	1.137
1.086	1.14
1.086	1.152
1.081	1.127
1.082	1.136
1.083	1.143
1.078	1.124
1.078	1.142
1.077	1.135
1.074	1.119
1.072	1.129
1.073	1.124
1.071	1.118
1.064	1.115
1.066	1.118
1.064	1.112
1.063	1.119
1.061	1.107
1.06	1.098
1.056	1.121
1.056	1.129
1.052	1.118
1.052	1.1
1.05	1.092
1.05	1.085
1.046	1.111
1.048	1.104
1.044	1.097
1.045	1.095
1.042	1.1
1.043	1.089
1.04	1.092
1.036	1.086
1.034	1.088
1.034	1.075
1.031	1.069
1.03	1.085
1.029	1.086
1.027	1.085
1.024	1.088
1.025	1.091
1.019	1.082
1.019	1.056
1.018	1.065
1.018	1.091
1.014	1.055
1.017	1.082
1.012	1.073
1.01	1.061
1.008	1.054
1.01	1.053
1.006	1.051
1.006	1.048
1.003	1.037
1.001	1.062
1.001	1.069
0.996	1.046
0.997	1.06
0.994	1.058
0.994	1.042
0.993	1.04
0.988	1.049
0.989	1.058
0.986	1.042
0.984	1.033
0.985	1.031
0.982	1.03
0.979	1.033
0.98	1.024
0.979	1.022
0.977	1.034
0.977	1.025
0.973	1.027
0.972	1.019
0.971	1.018
0.966	1.017
0.967	1.007
0.967	1.011
0.966	1.017
0.961	1.02
0.962	1.005
0.961	1.006
0.958	0.997
0.955	0.992
0.954	1.007
0.955	1.001
0.953	1.01
0.953	1.019
0.951	0.998
0.947	0.997
0.948	0.993
0.944	0.999
0.944	1.005
0.942	0.99
0.942	0.972
0.94	0.983
0.939	0.975
0.937	1.004
0.932	0.975
0.932	0.983
0.931	0.977
0.929	0.972
0.928	0.987
0.927	0.977
0.927	0.968
0.924	0.961
0.924	0.981
0.922	0.981
0.921	0.966
0.918	0.965
0.917	0.953
0.913	0.952
0.915	0.96
0.912	0.972
0.909	0.967
0.911	0.96
0.909	0.944
0.906	0.945
0.908	0.976
0.903	0.957
0.905	0.967
0.903	0.939
0.9	0.941
0.898	0.948
0.898	0.937
0.897	0.968
0.895	0.938
0.891	0.941
0.892	0.934
0.891	0.941
0.891	0.929
0.887	0.942
0.889	0.927
0.882	0.933
0.885	0.962
0.884	0.919
0.88	0.957
0.878	0.934
0.879	0.919
0.878	0.911
0.877	0.933
0.875	0.927
0.874	0.923
0.873	0.929
0.871	0.928
0.869	0.917
0.867	0.924
0.864	0.916
0.867	0.919
0.862	0.915
0.862	0.916
0.864	0.933
0.861	0.906
0.855	0.904
0.855	0.905
0.854	0.9
0.851	0.888
0.853	0.922
0.852	0.889
0.849	0.893
0.851	0.885
0.848	0.895
0.847	0.908
0.843	0.884
0.841	0.89
0.843	0.887
0.841	0.877
0.839	0.909
0.838	0.872
0.837	0.88
0.833	0.876
0.831	0.895
0.833	0.875
0.832	0.878
0.829	0.865
0.828	0.874
0.827	0.875
0.823	0.874
0.827	0.864
0.822	0.887
0.823	0.873
0.819	0.865
0.817	0.871
0.82	0.877
0.814	0.868
0.815	0.857
0.814	0.856
0.815	0.843
0.811	0.869
0.809	0.864
0.807	0.841
0.808	0.863
0.808	0.872
0.806	0.854
0.804	0.854
0.805	0.843
0.799	0.841
0.8	0.838
0.798	0.839
0.796	0.844
0.797	0.84
0.796	0.861
0.794	0.838
0.795	0.842
0.793	0.844
0.789	0.833
0.789	0.83
0.786	0.822
0.787	0.824
0.784	0.825
0.786	0.834
0.783	0.819
0.785	0.826
0.78	0.818
0.779	0.857
0.779	0.822
0.777	0.815
0.776	0.837
0.775	0.811
0.775	0.831
0.77	0.823
0.774	0.821
0.772	0.82
0.769	0.812
0.768	0.807
0.767	0.811
0.764	0.81
0.764	0.826
0.762	0.8
0.761	0.804
0.758	0.795
0.758	0.807
0.758	0.806
0.757	0.811
0.757	0.801
0.756	0.8
0.753	0.806
0.752	0.785
0.75	0.803
0.749	0.796
0.75	0.795
0.748	0.789
0.744	0.788
0.746	0.79
0.744	0.79
0.741	0.777
0.742	0.796
0.739	0.774
0.739	0.776
0.737	0.786
0.735	0.769
0.735	0.772
0.736	0.782
0.732	0.772
0.732	0.777
0.732	0.793
0.73	0.788
0.73	0.767
0.727	0.772
0.725	0.778
0.725	0.787
0.726	0.784
0.723	0.756
0.723	0.766
0.723	0.759
0.719	0.763
0.718	0.767
0.719	0.756
0.715	0.747
0.716	0.759
0.712	0.761
0.711	0.759
0.712	0.758
0.709	0.757
0.708	0.75
0.71	0.747
0.707	0.77
0.708	0.753
0.704	0.739
0.704	0.752
0.702	0.744
0.7	0.744
0.701	0.744
0.7	0.74
0.699	0.742
0.699	0.753
0.696	0.748
0.694	0.76
0.694	0.745
0.695	0.729
0.692	0.731
0.691	0.742
0.69	0.742
0.689	0.739
0.689	0.737
0.688	0.726
0.686	0.721
0.684	0.72
0.683	0.726
0.679	0.729
0.679	0.73
0.682	0.731
0.68	0.726
0.677	0.714
0.678	0.71
0.676	0.711
0.674	0.717
0.673	0.722
0.673	0.707
0.672	0.72
0.672	0.715
0.669	0.702
0.668	0.711
0.668	0.701
0.667	0.731
0.664	0.696
0.664	0.708
0.664	0.713
0.66	0.717
0.661	0.694
0.662	0.697
0.659	0.693
0.66	0.692
0.66	0.703
0.658	0.701
0.655	0.689
0.654	0.701
0.652	0.701
0.653	0.69
0.651	0.725
0.65	0.698
0.647	0.686
0.65	0.688
0.647	0.695
0.647	0.694
0.647	0.705
0.644	0.685
0.643	0.68
0.641	0.686
0.64	0.691
0.641	0.681
0.639	0.679
0.639	0.678
0.639	0.705
0.636	0.681
0.635	0.675
0.632	0.68
0.633	0.68
0.63	0.668
0.631	0.679
0.631	0.676
0.63	0.676
0.628	0.673
0.628	0.674
0.627	0.672
0.626	0.664
0.625	0.665
0.623	0.671
0.62	0.66
0.621	0.674
0.62	0.666
0.619	0.661
0.617	0.66
0.618	0.654
0.616	0.658
0.617	0.655
0.615	0.648
0.616	0.645
0.612	0.658
0.612	0.664
0.61	0.657
0.612	0.651
0.61	0.656
0.612	0.656
0.605	0.667
0.605	0.642
0.606	0.653
0.605	0.65
0.601	0.638
0.604	0.64
0.603	0.639
0.601	0.638
0.599	0.643
0.598	0.646
0.598	0.625
0.597	0.633
0.596	0.624
0.596	0.651
0.591	0.623
0.593	0.63
0.591	0.639
0.592	0.629
0.59	0.637
0.588	0.627
0.59	0.629
0.588	0.621
0.588	0.631
0.586	0.643
0.583	0.637
0.584	0.623
0.583	0.638
0.582	0.619
0.58	0.613
0.58	0.615
0.58	0.635
0.578	0.605
